-149.0962831090
-10.8413842249
88.0066537362
-44.2552959748
80.2291154228
126.4987233365
-342.0677674374
129.7792587238
-221.3772963968
-144.0480580698
166.6473071300
269.8690910401
-188.4441265265
107.8608114156
83.0199634774
-68.7658766511
64.0511050633
-168.8298602252
155.9720448071
-70.5152005705
-25.2884283448
158.2740835786
-98.9523575576
-59.0303666086
21.0873298797
62.3204077330
-146.2684357903
-28.1577646124
47.3267437583
188.9750931436
-96.8968904036
-31.9921589470
-172.6631315964
47.9791304458
199.5758304584
-85.5451520958
-222.8733239025
18.7595678928
64.8943282655
-202.4858107438
-3.9728266545
-65.8748126214
-117.5256695988
-92.0759740551
-36.8304492664
-3.8112221752
234.9524220823
-206.7833561895
-185.2956176279
182.4836341927
-157.0003171886
60.5786944024
-49.5889481124
99.2115979544
-41.6473657968
-12.0705250611
-90.4002590350
126.0201765566
-1.5836903171
-10.2949039737
-31.9516875121
-239.5678906145
84.2151604006
9.0845084183
40.1020677794
-66.2307308353
-46.2614517975
33.0185804614
-38.7454026876
-78.2211904298
-83.9003645668
145.3592113790
-136.4131487745
-79.7370794680
-229.5539682646
-13.9202980692
42.6835296443
-147.5728687216
-273.5550376126
-104.8590942777
51.0410606466
-144.7340248444
-115.9109679855
5.3262295621
-137.8812989826
127.3144009464
-234.7028104628
-202.5260502719
-114.7709792695
91.6790429873
-87.7509136599
223.6353230961
36.1234128395
70.8074583450
-84.9730523985
-147.9023263336
-156.5456102782
-45.3552572774
145.5785528213
-113.8683988160
