609.4488520636
659.2476312878
705.0473200512
639.1571921894
762.5495232773
751.7542176156
441.0909213390
709.0552782777
570.4859321279
570.8449779001
813.5882628937
852.5661837808
582.5999095136
696.9235973746
710.3791318345
588.5395007300
655.9981796933
565.0345443386
732.1866977064
586.7522257644
607.5178526429
712.1663475504
642.5349269379
583.3224632646
643.7178321327
697.9844342869
588.7040054103
713.5993494345
698.2360325131
780.6566083298
594.4938183060
632.1399641096
561.9227568500
683.8875776342
759.6903139383
604.9391456293
560.2120723087
662.4401928661
642.8834035712
575.5835251896
675.8335424157
582.8265716509
523.4214179036
616.6873387575
613.8887264173
622.0611448844
777.4105786460
568.1578413792
620.3454361048
732.8983436708
554.1583557497
692.8289751893
625.3290349584
666.9854605281
613.5033510483
652.9144985439
622.6428813333
806.5787352842
617.7470233058
664.3217296656
602.2698151823
584.6189220328
709.7030673750
572.7640200706
660.2752602550
677.7990983145
590.9371970167
708.8635825052
681.0294841827
624.7968636668
595.5752462700
699.0125088856
609.2136461282
592.2887345084
478.0066770043
653.1298154124
602.5041262104
599.1926744569
494.4929938759
645.2789263713
664.5708865147
600.4609288299
591.4665508657
594.6215417887
604.1342899907
674.3091293010
511.5830382817
509.9735249511
624.0463394680
634.7812805491
555.8606413335
736.7995251631
639.2630016477
682.5465753849
599.0871018261
533.9359122236
553.1442395509
649.2192218688
710.6782879427
603.7671080408
